RIEN : 0
CADC01 : 0.0002565609634576915
CADC02 : 0.00012828048172884392
CADC03 : 0.0001282804817288476
CADC05 : 0.0031731460938835034
CADC06 : 0.0031731460938834955
CANTK1RATE : 6e-05
CANTK2RATE : 6e-05
CADC07 : 5.9164072922601285e-06
CADC11 : 5.815453173536596e-06
CADC10 : 5.916168687861693e-06
