RIEN : 0
CADC01 : 31.77158871104302
CADC02 : 15.885794355521458
CADC03 : 15.885794355521561
CADC05 : 14.469443218321999
CADC06 : 14.46944321832216
CANTK1RATE : 0.0
CANTK2RATE : 0.0
CADC07 : 20.52314450748751
CADC11 : 19.735562278497746
CADC10 : 20.447534118656883
