CADC02 : 15.885794216238084
CADC03 : 15.885794216238091
CADC05 : 14.469443091456872
CADC06 : 14.469443091457022
CANTK1RATE : 0.00056
CANTK2RATE : 0.00056
CADC07 : 0.07075115973092959
CADC11 : 0.14138195617959656
CADC10 : 0.07075853042081376
