CADC02 : 23.39700696199984
CADC03 : 0.1340922893838456
CADC05 : 21.81549439024241
CADC06 : 0.12502636197678219
CANTK1 : 0.5436392334344116
CANTK2 : 0.25773837742655475
CANTK1RATE : 0.00084
CANTK2RATE : 0.0
CADC07 : 0.0379390881006598
CADC11 : 0.05587803019422911
CADC10 : 0.017991836770366632
