CADC02 : 15.328114976599894
CADC03 : 15.328114976599911
CADC05 : 13.961485610015082
CADC06 : 13.961485610015082
CANTK1RATE : 0.0004
CANTK2RATE : 0.00042
CADC07 : 7.088491117152883
CADC11 : 6.96325742186231
CADC10 : 0.00866884640388562
