CADC02 : 16.48964046193224
CADC03 : 14.620027443323098
CADC05 : 14.469369115425387
CADC06 : 14.469369115425572
CANTK1 : 0.2578465457884254
CANTK2 : 0.2539701295793409
CANTK1RATE : -0.0
CANTK2RATE : 3e-05
CADC07 : 18.788400943215983
CADC11 : 18.854304388219653
CADC10 : 21.31127481288129
