CADC02 : -17.098929498857576
CADC03 : -17.098929498857075
CADC05 : 14.469266020115352
CADC06 : 14.469266020115539
CANTK1RATE : 0.00208
CANTK2RATE : 0.00206
CADC07 : -115.42707560337408
CADC11 : -113.51190356584553
CADC10 : -0.09398360915283524
