RIEN : 0
CADC02 : 55.27055865712985
CADC03 : -35.84972337094659
CADC05 : 0.0
CADC06 : 0.0
CANTK1RATE : -2.12924
CANTK2RATE : -0.932
CADC07 : 174.9335263706713
CADC11 : 81.07981361390613
CADC10 : 69.53131376147748
